.Random.seed <-
c(403L, 449L, -1821895492L, 1135423942L, 1457960712L, -1410828126L, 
1423854398L, -1308863894L, -470982471L, -681332289L, 987798064L, 
128835597L, -1102696722L, 767248964L, -182038586L, 1275679111L, 
-344656003L, 984348391L, 1085205537L, -649132595L, -1180836832L, 
502167659L, -706308450L, -327073064L, 752747870L, 932454993L, 
40757689L, -1090010375L, 1406814216L, -572616011L, 729419247L, 
-482472943L, -794575645L, 1143579354L, 942622267L, -489622690L, 
-1856198041L, 1259514242L, -1601933736L, 1020209686L, -716554119L, 
1989959612L, -1471575323L, 622048115L, 191672817L, 374840163L, 
516974735L, 1185297064L, -563042408L, 1058744039L, 1063648051L, 
-1186463110L, 1258899842L, 1633017772L, 1612378507L, -1143106406L, 
283998496L, 149844792L, -1088583369L, -653404454L, 1835993884L, 
-1618118605L, 1281325197L, 329910007L, 79128399L, -358536318L, 
1219938496L, 139591858L, 127797610L, 1169887996L, -1567753000L, 
-1921379904L, 1702255716L, 463340579L, -1401468927L, -2040025068L, 
-381479676L, -309640257L, 1118197820L, -747160836L, -1019915646L, 
1183527556L, -653371761L, 703398689L, -1544112930L, 1765903458L, 
663813882L, 1085778042L, -1981578176L, 880912709L, 1976142994L, 
-1002837163L, 262543240L, -237639515L, 1500882571L, -2109416946L, 
-569370183L, -819182835L, 102391560L, 1478733759L, 911632104L, 
2133555258L, 893703235L, 1854345040L, -1459862083L, -1442262423L, 
907234237L, -1615382987L, -188654661L, -827213858L, -2039441586L, 
810313813L, -728913429L, -654505722L, 55064358L, -802435307L, 
-335533545L, 1251406366L, 1493640165L, -968729234L, 1013361056L, 
-1768268541L, -277349589L, 374481683L, 336177352L, 409614341L, 
215211817L, 1634342763L, -1749603990L, -1644168356L, 1976921444L, 
-1490245920L, 981863480L, 870829844L, 697259462L, -622059171L, 
1866163303L, 615211932L, 1090764599L, 989425187L, -942890763L, 
2000626965L, -1278647451L, -342882560L, 1477436469L, -1700556218L, 
1065996184L, 362512246L, -524107005L, 1526164106L, -665680938L, 
-1682073783L, 851740875L, -1076598050L, -771602343L, -541439603L, 
1318489193L, 1214263941L, -1741648484L, 968168855L, 1546438582L, 
848516854L, -189287366L, -1553003914L, 2017248957L, 625408961L, 
-2084474129L, 869047290L, 202011763L, -590729022L, -2111423010L, 
315454501L, -796448684L, -205120741L, 1418722724L, -1100974431L, 
297953140L, -2130506547L, 1518250799L, 418804237L, 749379852L, 
-151551973L, 829365076L, 1383502716L, -1750973812L, 1008798728L, 
646128874L, 1504269422L, 442975982L, -3171171L, -1766052278L, 
1153914305L, 1380117118L, 1057483540L, -292333751L, 784086944L, 
-1393520346L, 283723268L, -61896206L, -2026729361L, -1152145567L, 
-1526377843L, 861180559L, -397673756L, -748315957L, -680639018L, 
1073062702L, 178394356L, 816134837L, -1108404267L, 1908848285L, 
-364663154L, 441362306L, -950301925L, -2039843428L, 1198315045L, 
283525959L, 1448845375L, 777805058L, 1662825812L, -1465207342L, 
143423008L, 1178395990L, -221958751L, 27574713L, -1682025564L, 
391257208L, 880289880L, 1485922717L, -597461296L, -1314829761L, 
1061001349L, 1614254365L, 910849398L, 1157737028L, -1352318062L, 
173500069L, 1614989895L, -1948151992L, -142813646L, 1320681098L, 
-1803869851L, 734205787L, -706826211L, -772681369L, 319677967L, 
1434136513L, 1345991108L, -562816736L, -706012782L, 737857503L, 
27085788L, -507661542L, -835202029L, -1828992545L, -1711221379L, 
710084225L, 526660672L, -145892125L, -615776976L, -796827250L, 
-325300717L, -1791557557L, -1647138404L, -1570721555L, -1823044925L, 
1618031169L, -931976928L, -1671071343L, 1712178715L, 715474227L, 
2107885166L, -190947898L, -340892828L, -1971719297L, -1046861506L, 
734852108L, -1754266796L, 1955188097L, -1342522809L, -1845314626L, 
1447606376L, 614050930L, -371584027L, 957737911L, -795297814L, 
1256007202L, 332177534L, -1167048163L, -1781452648L, 794318608L, 
1349108845L, 332740299L, 76818736L, 1085131252L, -1612490472L, 
1077604910L, -421286270L, 62715808L, -1142685235L, 1894287553L, 
1456288791L, -272224418L, -1314868556L, -894523928L, -170928575L, 
936391974L, -947253260L, 2139672116L, 761192223L, -1152154005L, 
-188323617L, 1782980698L, 355484871L, 549859634L, 1777588166L, 
1376841839L, 2057453348L, -641269919L, 1095339928L, 1514990419L, 
542278309L, -1559865830L, 1058305703L, -343930451L, -249964149L, 
983550701L, 1698512601L, 1671219741L, -1732433763L, -348088466L, 
1024941889L, 1969649885L, -136792616L, -1939567705L, 267948095L, 
1232713197L, -2075502636L, 2128985559L, 1853919141L, 393458459L, 
1358504190L, -1206986058L, 1833705554L, -852858236L, -1365592508L, 
1461073755L, 2057507204L, -1270020910L, -846984199L, -913998192L, 
-880725530L, -437746560L, -1721227682L, 1548806456L, 704738574L, 
1845458433L, -2134855738L, -954880447L, -1334613803L, -2082650822L, 
1907258896L, -1176435126L, 1092861061L, 257619887L, -2135211654L, 
-912851147L, 297452069L, -543506798L, -1874747452L, 1618986174L, 
774650810L, -1988651397L, -821863444L, -1256603428L, -134355139L, 
838267515L, 2077981130L, 143026783L, 2010360658L, -864459760L, 
-1877544211L, -1906207810L, -2006176314L, -1919588427L, 1972869520L, 
-1637365727L, 1703252233L, -1182193945L, -1417516224L, 1189978695L, 
1853485288L, -1246109462L, -24595753L, 2039677964L, -133928712L, 
1863547764L, -1401872211L, -323848772L, 119175084L, -946688795L, 
651014354L, 1614558318L, -650972496L, -1290111870L, 631431490L, 
-860197831L, -22368539L, -2021001317L, 152638592L, -1152649591L, 
476920144L, -717925914L, -149797747L, 1637089808L, -490497925L, 
-229087431L, -1059127730L, 875873685L, 1603848432L, 1837447085L, 
-1003518955L, -1803780630L, 171375232L, 575658957L, -873246439L, 
-1900165692L, -2112534369L, -2024524680L, 1088984897L, -566880431L, 
219619804L, 1146484288L, -931208982L, 1035952845L, 528867681L, 
78397506L, -1878045741L, 2081994684L, 593859279L, 1575706390L, 
1352794252L, 666199791L, 1834716760L, 1721165421L, -1718304374L, 
-1213413997L, 1280399723L, 954023454L, 1851088515L, -1031053188L, 
-919320648L, 654392275L, 452787600L, 131981703L, 349456821L, 
-1058472389L, 1257177106L, -1189384691L, 1102227585L, 699074846L, 
2140249026L, -1118977827L, 482053470L, 642503730L, 272300768L, 
49310105L, 2076600447L, 249881294L, 116471641L, 1287482889L, 
400270009L, -1668073475L, 598440L, 1585760566L, -1890814615L, 
-329817463L, -41263427L, 178591551L, -948239032L, 1909261452L, 
-2042886914L, -1505977688L, 1185802246L, -944228875L, 229139227L, 
215638396L, 1539972031L, -1213484212L, -1395860924L, 852007095L, 
192281768L, 1890847640L, -170069347L, -1205092808L, -489931342L, 
-557087834L, -1795126869L, 1087042961L, 1411434114L, 360490144L, 
762664926L, 362625911L, 1949634401L, 1674192818L, -32864620L, 
1933794998L, 1907237961L, -99799746L, -1479106378L, 1455928656L, 
1715261592L, 132280268L, -704562343L, -1940116211L, -1313678776L, 
2114661060L, 1043068401L, 1861698925L, 566369689L, 1790467696L, 
1636991407L, 2021371968L, -973119359L, 994299088L, -464139087L, 
1560843862L, -549033408L, -1604582344L, 1501351570L, -470149525L, 
-580961797L, -636703877L, 1621243670L, 1461166376L, 759304792L, 
127834427L, -1689915734L, 156049865L, -2084546101L, 490083460L, 
-658844989L, -148619349L, 138163244L, -2137699276L, 2072079957L, 
-1496163512L, -1364724514L, -1391791557L, 324965736L, -889067559L, 
799012348L, 1159378836L, 1226431966L, 1026686206L, 506465579L, 
-1805505131L, -1633946015L, -831167906L, -76281893L, 1916554061L, 
688360873L, -525297110L, 2121860223L, 2134782820L, 1750231171L, 
1112445637L, 154108979L, -1662509636L, -1160590869L, -202369060L, 
1428196665L, 152884068L, -1566984950L, -954115829L, -1373912103L, 
-1601360675L, 937260306L, -1967210768L, 823064589L, -1986422098L, 
1709721707L, -159989218L, 590618878L, -96650128L, -1291986425L, 
273453158L, -219042269L, -627003179L, 1432073662L, 774934467L, 
-309701515L, 342280683L, 638888429L, 1114915927L, 125254903L, 
-678996342L, -2080257380L, 2014459636L, 283973357L, 1155644900L, 
245199859L, -526961856L, 1365807476L, 2055069893L, -1459310081L, 
